Darbuotoju lentele:
4
Marko,1000,1949.99,0,2949.99
2,0,0
PROFIT,100000,121000,130000,1200
COSTS,50.2,480000,450000,800
Employee 2,2000,1950.38,0,3950.38
3,0,0
PROFIT,100000,121000,130000,1200
COSTS,50.2,480000,450000,800
Indicator 3,2,4,2.4,2
Employee 3,3000,1950.98,0,4950.98
4,0,0
PROFIT,100000,121000,130000,1200
COSTS,50.2,480000,450000,800
Indicator 3,2,4,2.4,2
Indicator 4,3,6,3.6,3
Employee 4,5000,1950.38,74.07,7024.45
3,3,100
PROFIT,100000,121000,130000,1200
COSTS,50.2,480000,450000,800
Indicator 3,2,4,2.4,2
RELATIONSHIP WITH...,11,9
CUTTING ON THE RET...,9,5
IMPROVING PROFESS...,7,6
Rodikliu lentele:
4
PROFIT,100000,121000,130000,1200
COSTS,50.2,480000,450000,800
Indicator 3,2,4,2.4,2
Indicator 4,3,6,3.6,3
Uzduociu lentele:
5
RELATIONSHIP WITH...,11,9
CUTTING ON THE RET...,9,5
IMPROVING PROFESS...,7,6
TASK 4,8,7
TASK 5,9,8
Archyvo lentele:
14
Marko,1000,2000,3.5,3003.5,2014.11.13
2,2,5
PROFIT,100000,121000,130000,1200
COSTS,500000,480000,450000,800
RELATIONSHIP WITH...,11,9
CUTTING ON THE RET...,9,5
Marko,1000,2000,3.5,3003.5,2014.11.13
2,2,5
PROFIT,100000,121000,130000,1200
COSTS,500000,480000,450000,800
RELATIONSHIP WITH...,11,9
CUTTING ON THE RET...,9,5
Marko,1000,2000,3.5,3003.5,2014.11.13
2,2,5
PROFIT,100000,121000,130000,1200
COSTS,500000,480000,450000,800
RELATIONSHIP WITH...,11,9
CUTTING ON THE RET...,9,5
Marko,1000,2000,3.5,3003.5,2014.11.13
2,2,5
PROFIT,100000,121000,130000,1200
COSTS,500000,480000,450000,800
RELATIONSHIP WITH...,11,9
CUTTING ON THE RET...,9,5
Employee 2,2000,0,0,2000,2014.11.13
0,0,0
Employee 3,3000,0,0,3000,2014.11.13
0,0,0
Marko,1000,2000,3.5,3003.5,2014.11.14
2,2,5
PROFIT,100000,121000,130000,1200
COSTS,500000,480000,450000,800
RELATIONSHIP WITH...,11,9
CUTTING ON THE RET...,9,5
Employee 2,2000,0,0,2000,2014.11.14
0,0,0
Employee 3,3000,1950.98,0,4950.98,2015.01.10
4,0,0
PROFIT,100000,121000,130000,1200
COSTS,50.2,480000,450000,800
Indicator 3,2,4,2.4,2
Indicator 4,3,6,3.6,3
Marko,1000,1949.99,0,2949.99,2015.01.14
2,0,0
PROFIT,100000,121000,130000,1200
COSTS,50.2,480000,450000,800
Employee 3,3000,1950.98,0,4950.98,2015.01.15
4,0,0
PROFIT,100000,121000,130000,1200
COSTS,50.2,480000,450000,800
Indicator 3,2,4,2.4,2
Indicator 4,3,6,3.6,3
Marko,1000,1949.99,0,2949.99,2015.01.16
2,0,0
PROFIT,100000,121000,130000,1200
COSTS,50.2,480000,450000,800
Marko,1000,1949.99,0,2949.99,2015.01.16
2,0,0
PROFIT,100000,121000,130000,1200
COSTS,50.2,480000,450000,800
Marko,1000,1949.99,0,2949.99,2015.01.16
2,0,0
PROFIT,100000,121000,130000,1200
COSTS,50.2,480000,450000,800
